50 11
12821 12320 12034 12135 11924 12184 12957 14083 14283 14921 15602
16948 17485 17529 17490 17695 17943 19777 21419 22941 24477 25358
9668 7967 7828 8001 8031 8077 8371 9577 10449 11969 11440
4065 3975 3911 4144 4079 4111 4491 5323 5525 5728 5844
4042 4296 4332 4504 4416 4759 4908 5604 5752 6002 6381
6758 7111 7074 7207 7182 6552 7591 9139 9516 10029 10883
6776 6640 6647 6585 6939 6628 7036 8505 8853 9777 10007
6189 6226 6209 6564 5801 5915 6725 7399 7754 8298 8568
4970 5136 5221 5362 5427 5546 5970 6661 7494 8362 8867
1082 1231 1464 1381 1349 1476 1617 1769 1987 2069 2178
7803 15616 8502 8615 8573 8529 10022 11944 12517 13047 13772
1390 1247 1227 1217 1256 1368 1401 1612 1791 1976 2416
1787 1905 1929 1965 1977 1943 2053 2257 2359 2578 2592
3533 3712 3732 3642 3545 3723 3926 4676 5107 5320 5842
420 424 456 439 411 437 457 561 606 671 598
6664 6291 6121 6147 6254 6166 6491 7153 7429 7895 9675
7931 7500 7335 7307 7625 7816 8199 9169 9431 10309 11199
4991 5473 5558 5410 5613 5309 6579 7494 7985 8125 8417
11309 11170 11350 11831 12358 12931 14489 16689 17918 19103 20797
13958 13321 13547 13384 13915 13137 14621 15832 16638 17845 18768
2031 1991 1999 2184 2083 2164 2229 2507 2475 2849 3056
1667 1717 1676 1640 1527 1633 1748 1955 1965 2169 2218
1000 1003 1005 993 1026 1030 1057 1165 1244 1242 1422
1469 1527 1441 1711 1681 1605 1746 2093 2225 2378 2632
768 810 878 916 882 911 887 1071 1112 1311 1523
3166 3317 3267 3498 3757 3825 3924 4513 4736 4818 5319
1215 1176 1159 1085 1061 1001 1055 1190 1198 1233 1277
3127 3049 2847 2827 2667 2601 2746 3243 3186 3306 3703
8655 8874 8781 8684 8827 8226 9375 10843 11922 12566 13498
3134 3049 3033 3218 2818 2945 3333 3836 4106 4545 4768
892 870 901 809 847 903 913 902 1024 1128 1249
935 990 1017 1095 1133 1050 1149 1218 1268 1339 1390
33491 35086 35696 34926 36498 36889 39449 44272 46301 48965 51260
3195 3315 3222 3071 3021 3242 3241 3841 3809 3889 4221
2642 2775 2829 2875 2969 2936 3105 3486 3618 3686 3867
23683 23868 23373 23407 24215 24283 24895 27780 29400 31779 34629
4289 4495 4131 4284 3991 3892 3987 4323 4681 4663 4917
18428 18794 19282 19196 18911 19917 21471 24669 26198 27930 31293
1587 1595 1541 1550 1667 1525 1744 1929 1998 2028 2174
619 757 806 854 896 936 1095 1170 1262 1113 1229
1826 1807 1726 1715 1759 1744 1864 2255 2300 2513 2640
1140 1083 1068 1106 1126 1180 1049 1125 1263 1458 1464
892 864 1042 974 1070 1063 1192 1346 1374 1554 1639
6711 6962 7024 6917 6289 6509 4991 5843 6139 7046 9760
8524 8254 7907 8358 8458 8987 9290 10891 11381 12094 12593
333 341 362 350 349 379 460 460 490 539 518
3768 3728 3803 3790 3886 3849 4387 5299 5318 5555 5596
11721 11665 11585 11780 11469 11330 13247 14987 15919 17206 19243
3825 3832 3849 4012 4020 3812 4346 5202 5766 6315 7070
10725 10742 11204 11049 10663 10825 11472 13417 13442 14928 15992