50 14
414553 516183 605136 499133 486706 475203 475350 449369 424066 399975 390824 415727 409679 530610
528173 537220 630270 566406 551971 540313 549180 558193 564569 572650 556446 594463 600936 663509
309352 422399 548959 413384 411977 420274 428272 435409 448230 458244 447211 442274 454452 521494
209636 252229 305731 219898 217191 226354 245517 244256 225724 222083 218686 224845 223682 294792
149058 165096 194312 152879 158927 163816 162197 160545 162713 168098 164889 166086 162398 207405
235749 267525 302473 219598 219694 226498 224644 240529 227568 223527 220867 221887 225058 314317
197065 250579 345584 274979 265613 264410 272952 302681 291442 303483 303701 307513 322294 335431
217815 265856 301091 233967 245257 249221 253499 260033 259072 250023 245381 256129 262339 320304
309593 308367 401715 401413 329698 334151 347710 380962 387407 392139 387568 418457 393041 461053
32369 45338 68866 55706 53738 58606 59082 60056 56624 54671 54000 53650 53805 60839
357011 401680 530439 459017 489703 485734 502890 545693 508097 527071 529869 551332 552720 577313
65083 67449 83079 63264 63907 64410 64914 66235 79105 74361 75371 74275 66840 74648
56813 71326 92440 68975 69724 59563 64779 65653 66152 64555 63881 65035 67815 91353
148492 170843 186934 163373 164035 168611 170200 166710 167198 155452 154343 161929 164008 216289
11693 14028 14716 15008 14820 15204 16375 19824 18423 19355 18351 19069 19656 20381
235895 284617 322657 254299 257290 256195 263494 265680 272023 270126 254464 258856 256605 307712
508630 523153 577205 550224 558921 562279 550515 563587 556378 536800 518502 514716 516348 537013
262217 303856 364626 315994 309303 325170 329927 351940 318203 336601 308919 324896 355310 354008
532455 727323 1036050 576274 587452 591958 618540 632765 614504 596954 585325 596783 615379 774468
629902 703016 814514 646285 617306 613744 619777 644910 662391 638402 606229 619310 644050 773461
69393 83661 87470 66566 61858 63757 64558 64539 64420 64962 63467 66276 65214 96575
62257 78545 84662 60399 61149 66785 68627 71616 72838 72124 70027 71429 66469 90321
10527 12891 19574 20584 20176 21100 22450 29850 33096 30042 24590 24367 26114 30705
50908 52946 53025 46635 46172 44781 45284 46395 45280 48317 47252 47983 46850 53365
50733 51498 67764 52349 54164 50939 47749 47144 42178 45264 44535 41644 40831 45956
239145 210441 247380 210114 204107 201027 198450 208417 200106 197221 195895 191230 197544 207022
10338 17679 22359 18890 19897 20481 20202 21680 22551 24149 23558 24181 23912 25157
126941 141027 183934 155023 153046 146190 146849 160739 169118 165982 156591 145528 148934 168880
247074 243677 323254 315887 323966 327825 326546 353025 333584 324924 331437 341812 347286 342956
125635 168678 206758 152140 147549 153728 161641 162690 166086 151464 164454 153404 160347 206769
26107 34306 35822 25777 26203 26606 28848 28932 28500 29131 29955 33357 33385 54710
35664 37616 44593 35184 36221 35371 37934 39004 40028 40126 37840 37860 38912 40199
1768994 1791007 2378975 1781830 1767202 1779559 1826638 1838795 1785871 1755069 1715056 1751846 1797199 2200497
136502 141195 167231 132887 133871 138896 141575 142168 137334 142189 136082 137936 152710 173841
117061 135545 166074 121838 119167 118969 125204 132400 129162 125398 122950 120985 124003 179434
877518 814440 948565 823992 798462 784557 790696 796369 758087 756190 744789 747818 771504 878484
153098 171204 184996 137029 129722 137201 143846 145219 145702 145735 141384 144944 153365 189874
939840 993939 1286170 1158481 1101175 1111181 1144997 1222727 1210285 1204262 1173479 1200621 1250182 1475815
33488 35393 40172 35806 36577 38402 41020 40738 42046 42988 37962 43676 40050 48365
14877 15856 19591 29402 27572 27066 27001 26216 29372 28320 27984 28749 24473 28219
73730 94097 111389 95180 101124 95571 93648 89819 93991 98315 95963 101020 98918 116351
13966 18461 24403 20296 20452 25721 26958 23340 23651 24113 24377 24596 24526 29189
50801 62310 71005 61847 64648 65102 66875 74288 72942 66593 64882 66077 67174 83513
187168 234168 340862 234603 238462 234337 246648 263246 243159 229857 238931 233527 224579 332025
315296 389342 473137 349424 345316 346758 358501 379831 370028 363280 347943 359140 379472 514725
15519 17862 19424 21851 22107 24737 27306 30766 30794 35017 36813 37728 35066 27523
82301 98650 113575 102387 96100 97387 96190 98655 105099 105440 103641 107634 110493 118381
489326 473772 582854 460984 455749 472540 496630 495550 464759 448579 442407 442954 462845 517523
87004 105361 130827 99856 101547 107254 114815 123602 124399 122290 120574 123145 129586 154602
507485 580214 654247 531491 512352 504873 518835 520079 514408 506413 490703 499511 516671 637782