50 7
0 0.051 0.022 0.014 0.025 0.015 0.014
0 0.023 0.013 0.007 0.007 0.023 0.017
0 0 0.014 0.011 0.016 0.025 0.026
0 0.015 0.027 0.033 0.007 0.016 0.02
0 0.024 0.011 0.01 0.015 0.009 0.016
0 0.062 0.003 0.002 0.015 0.022 0.017
0 0.013 0.011 0.019 0.02 0.041 0.036
0 0.026 0.02 0.011 0.009 0.021 0.018
0 0.02 0.008 0.027 0.012 0.03 0.029
0 0.013 0 0 0.026 0.021 0.019
0.003 0.025 0.007 0.007 0 0.002 0.014
0 0.029 0.009 0.013 0 0.024 0.008
0.005 0.035 0.044 0.005 0.021 0.019 0.021
0 0.015 0.022 0.004 0.012 0.025 0.019
0 0 0.005 0 0.008 0.005 0.004
0 0.015 0 0.006 0.007 0.011 0.013
0 0.01 0 0.023 0.004 0.008 0.018
0 0.035 0.023 0.011 0.022 0.026 0.024
0 0.001 0 0.017 0.024 0.026 0.031
0 0.008 0.019 0.017 0 0.01 0.023
0 0.014 0 0.023 0 0 0.007
0 0.003 0.002 0.003 0 0.026 0.007
0.015 0.073 0.105 0.195 0.02 0.06 0
0 0.026 0.022 0 0.01 0.007 0.001
0.036 0.005 0.012 0 0 0.043 0.02
0 0.01 0 0.002 0 0.012 0.006
0.012 0.023 0.067 0 0.006 0.004 0.018
0 0.033 0.036 0 0 0.012 0.002
0 0.026 0.014 0.004 0 0.016 0.015
0 0.054 0.043 0.006 0 0.009 0.041
0 0.025 0.016 0.015 0.007 0.008 0.017
0 0.011 0 0 0 0.011 0.004
0 0.01 0.014 0.023 0.025 0.031 0.041
0 0.017 0.028 0.036 0.017 0.033 0.013
0 0.045 0.019 0.007 0.01 0.011 0.011
0.022 0.042 0.003 0.03 0 0.012 0.014
0.025 0.047 0 0.014 0 0.019 0.017
0 0.027 0.036 0.06 0.055 0.038 0.038
0 0.018 0 0.009 0.002 0.022 0.011
0 0.037 0.029 0.006 0 0.015 0.002
0 0.032 0.019 0.003 0.02 0.021 0.015
0 0.03 0.033 0.01 0.016 0.02 0.035
0 0 0.008 0 0.003 0.034 0.028
0 0.011 0.017 0.021 0.009 0.018 0.009
0 0.014 0.014 0 0.011 0.021 0.027
0.071 0 0.026 0.043 0 0 0
0 0.022 0.024 0.038 0.01 0.028 0.008
0 0.034 0.023 0.019 0 0.018 0.02
0 0.016 0.028 0.006 0.031 0.022 0.033
0 0.021 0.032 0.019 0.005 0.033 0.018